$ANSIBLE_VAULT;1.1;AES256
34313237666638316566393763613963386664343239336536393135396635336163323931643831
3437643736646231346439303130623036633665633339380a373963353961313837616438356236
62666331356239376663656530646131343530383934636564386535313235653333666430316638
3839666664613265630a626561306332353431396663353738366363383134613561326438613038
30353862646430396363313862636662336236396264306538343563373732623633643038383033
35656163646435356538336439306639336636376438626232323731616631346535373362626331
38303133393662646165613662333533393339666130623131613364346165313035616465643762
64383666643832306163613530656330386437376363643532393334373038303165323035316566
39373836346236363039326239323338373831373461383063633031653436636530316361303739
35623238633562306537383162306130346433346139373932383562383230636538356637356161
383139653865623265323136663738623434
